Interactive viewer requires mjpython on macOS.
Running in headless mode instead.
To use the viewer, run with: mjpython gen3.py
Step: qpos = [ 3.24151918e-10 -5.64821009e-09 -7.74427291e-11  6.45072857e-09
  1.33745321e-10  1.98617712e-08  8.96009842e-12  2.26446107e-05
  5.40788836e-05  1.03530790e-04 -1.17019622e-04  2.26457556e-05
  5.40776842e-05  1.03567779e-04 -1.17001347e-04]
Step: qpos = [ 9.18756748e-06  2.13136646e-04  6.77749222e-06  1.33282365e-04
  1.23414601e-05  1.00264453e-04  8.34478445e-06  8.36921912e-05
  1.28218240e-04  1.60319429e-04 -1.80909227e-06  8.05959000e-05
  9.19265649e-05 -1.46999974e-05 -4.67351356e-05]
Step: qpos = [ 1.79134580e-05  4.26099372e-04  1.31430869e-05  2.65290657e-04
  2.44062186e-05  2.00788081e-04  1.65016583e-05  1.42148463e-04
  1.89820926e-04  2.09556374e-04  1.02721070e-04  1.36147518e-04
  1.22713810e-04 -1.13058356e-04  1.94043867e-05]
Step: qpos = [ 2.61933886e-05  6.38872235e-04  1.91133441e-05  3.96067729e-04
  3.61998070e-05  3.01583119e-04  2.44742881e-05  1.98209691e-04
  2.40599282e-04  2.52333796e-04  1.97773893e-04  1.89495970e-04
  1.47565648e-04 -1.94329750e-04  8.14422734e-05]
Step: qpos = [ 3.40420265e-05  8.51445319e-04  2.47042133e-05  5.25648478e-04
  4.77274725e-05  4.02641185e-04  3.22662180e-05  2.52041888e-04
  2.82136841e-04  2.89632157e-04  2.84304729e-04  2.40804815e-04
  1.67475093e-04 -2.60925040e-04  1.39402550e-04]
Step: qpos = [ 4.14680656e-05  1.06380890e-03  2.99310961e-05  6.54066379e-04
  5.89944358e-05  5.03953322e-04  3.98809557e-05  3.03788424e-04
  3.15865850e-04  3.22321591e-04  3.63085238e-04  2.90213666e-04
  1.83301327e-04 -3.14910222e-04  1.93323851e-04]
Step: qpos = [ 4.84897857e-05  1.27595393e-03  3.48085653e-05  7.81353597e-04
  7.00055858e-05  6.05510031e-04  4.73218005e-05  3.53575709e-04
  3.43056328e-04  3.51164874e-04  4.34754198e-04  3.37844082e-04
  1.95776938e-04 -3.58059680e-04  2.43266477e-04]
Step: qpos = [ 5.51199098e-05  1.48787155e-03  3.93507038e-05  9.07541033e-04
  8.07658025e-05  7.07301461e-04  5.45920322e-05  4.01517309e-04
  3.64815104e-04  3.76822979e-04  4.99856014e-04  3.83803844e-04
  2.05519460e-04 -3.91899877e-04  2.89313950e-04]
Step: qpos = [ 6.13705754e-05  1.69955322e-03  4.35710300e-05  1.03265840e-03
  9.12798621e-05  8.09317479e-04  6.16948588e-05  4.47716839e-04
  3.82092540e-04  3.99862335e-04  5.58868393e-04  4.28190017e-04
  2.13044780e-04 -4.17745321e-04  3.31571493e-04]
Step: qpos = [ 6.72533622e-05  1.91099070e-03  4.74825221e-05  1.15673429e-03
  1.01552444e-04  9.11547745e-04  6.86334216e-05  4.92269941e-04
  3.95694510e-04  4.20763533e-04  6.12221344e-04  4.71091086e-04
  2.18780810e-04 -4.36728774e-04  3.70162893e-04]
Step: qpos = [ 7.27793194e-05  2.12217608e-03  5.10976425e-05  1.27979622e-03
  1.11588135e-04  1.01398179e-03  7.54107995e-05  5.35265608e-04
  4.06297336e-04  4.39930732e-04  6.60309627e-04  5.12588442e-04
  2.23080470e-04 -4.49826834e-04  4.05226739e-04]
Step: qpos = [ 7.79589901e-05  2.33310173e-03  5.44283598e-05  1.40187072e-03
  1.21391435e-04  1.11660908e-03  8.20300126e-05  5.76787070e-04
  4.14463878e-04  4.57701163e-04  7.03500558e-04  5.52757415e-04
  2.26233488e-04 -4.57881744e-04  4.36912616e-04]
Step: qpos = [ 8.28024349e-05  2.54376030e-03  5.74861694e-05  1.52298334e-03
  1.30966759e-04  1.21941907e-03  8.84940243e-05  6.16912388e-04
  4.20659438e-04  4.74354245e-04  7.42138698e-04  5.91667994e-04
  2.28476785e-04 -4.61620071e-04  4.65377588e-04]
Step: qpos = [ 8.73192535e-05  2.75414472e-03  6.02821139e-05  1.64315874e-03
  1.40318443e-04  1.32240125e-03  9.48057443e-05  6.55714871e-04
  4.25266636e-04  4.90120025e-04  7.76548586e-04  6.29385374e-04
  2.30003453e-04 -4.61668744e-04  4.90783092e-04]
Step: qpos = [ 9.15186060e-05  2.96424819e-03  6.28268016e-05  1.76242071e-03
  1.49450743e-04  1.42554518e-03  1.00968030e-04  6.93263391e-04
  4.28598802e-04  5.05186768e-04  8.07036304e-04  6.65970358e-04
  2.30970369e-04 -4.58568836e-04  5.13292329e-04]
Step: qpos = [ 9.54092322e-05  3.17406416e-03  6.51304242e-05  1.88079219e-03
  1.58367838e-04  1.52884054e-03  1.06983688e-04  7.29622639e-04
  4.30911692e-04  5.19707634e-04  8.33890411e-04  7.01479697e-04
  2.31504604e-04 -4.52787426e-04  5.33068109e-04]
Step: qpos = [ 9.89994699e-05  3.38358634e-03  6.72027742e-05  1.99829537e-03
  1.67073836e-04  1.63227714e-03  1.12855476e-04  7.64853344e-04
  4.32413534e-04  5.33806466e-04  8.57382580e-04  7.35966382e-04
  2.31708768e-04 -4.44727807e-04  5.50271131e-04]
Step: qpos = [ 1.02297273e-04  3.59280866e-03  6.90532606e-05  2.11495166e-03
  1.75572771e-04  1.73584497e-03  1.18586103e-04  7.99012491e-04
  4.33273513e-04  5.47582737e-04  8.77768115e-04  7.69479900e-04
  2.31665438e-04 -4.34738275e-04  5.65058636e-04]
Step: qpos = [ 1.05310228e-04  3.80172530e-03  7.06909245e-05  2.23078176e-03
  1.83868605e-04  1.83953417e-03  1.24178232e-04  8.32153515e-04
  4.33628850e-04  5.61115755e-04  8.95286462e-04  8.02066476e-04
  2.31440816e-04 -4.23119693e-04  5.77583389e-04]
Step: qpos = [ 1.08045568e-04  4.01033065e-03  7.21244541e-05  2.34580567e-03
  1.91965234e-04  1.94333509e-03  1.29634479e-04  8.64326500e-04
  4.33590666e-04  5.74468188e-04  9.10161754e-04  8.33769293e-04
  2.31087741e-04 -4.10131999e-04  5.87992921e-04]
Step: qpos = [ 1.10510193e-04  4.21861934e-03  7.33621982e-05  2.46004274e-03
  1.99866485e-04  2.04723828e-03  1.34957416e-04  8.95578376e-04
  4.33248806e-04  5.87689033e-04  9.22603405e-04  8.64628710e-04
  2.30648165e-04 -3.95999819e-04  5.96428999e-04]
Step: qpos = [ 1.12710678e-04  4.42658619e-03  7.44121800e-05  2.57351167e-03
  2.07576115e-04  2.15123448e-03  1.40149569e-04  9.25953104e-04
  4.32675791e-04  6.00816081e-04  9.32806756e-04  8.94682452e-04
  2.30155178e-04 -3.80917290e-04  6.03027280e-04]
Step: qpos = [ 1.14653291e-04  4.63422624e-03  7.52821100e-05  2.68623055e-03
  2.15097822e-04  2.25531469e-03  1.45213422e-04  9.55491863e-04
  4.31930050e-04  6.13877976e-04  9.40953748e-04  9.23965804e-04
  2.29634674e-04 -3.65052220e-04  6.07917102e-04]
Step: qpos = [ 1.16344002e-04  4.84153471e-03  7.59793981e-05  2.79821689e-03
  2.22435234e-04  2.35947010e-03  1.50151416e-04  9.84233224e-04
  4.31058548e-04  6.26895917e-04  9.47213629e-04  9.52511786e-04
  2.29106712e-04 -3.48549668e-04  6.11221399e-04]
Step: qpos = [ 1.17788501e-04  5.04850703e-03  7.65111656e-05  2.90948762e-03
  2.29591918e-04  2.46369211e-03  1.54965948e-04  1.01221333e-03
  4.30098930e-04  6.39885076e-04  9.51743662e-04  9.80351319e-04
  2.28586632e-04 -3.31535031e-04  6.13056700e-04]
Step: qpos = [ 1.18992206e-04  5.25513879e-03  7.68842566e-05  3.02005915e-03
  2.36571379e-04  2.56797237e-03  1.59659376e-04  1.03946603e-03
  4.29081269e-04  6.52855765e-04  9.54689829e-04  1.00751338e-03
  2.28085962e-04 -3.14116703e-04  6.13533209e-04]
Step: qpos = [ 1.19960274e-04  5.46142579e-03  7.71052484e-05  3.12994732e-03
  2.43377062e-04  2.67230275e-03  1.64234016e-04  1.06602308e-03
  4.28029481e-04  6.65814401e-04  9.56187535e-04  1.03402513e-03
  2.27613168e-04 -2.96388365e-04  6.12754928e-04]
Step: qpos = [ 1.20697615e-04  5.66736397e-03  7.71804625e-05  3.23916750e-03
  2.50012348e-04  2.77667532e-03  1.68692143e-04  1.09191425e-03
  4.26962481e-04  6.78764306e-04  9.56362278e-04  1.05991208e-03
  2.27174260e-04 -2.78430966e-04  6.10819828e-04]
Step: qpos = [ 1.21208899e-04  5.87294946e-03  7.71159741e-05  3.34773455e-03
  2.56480562e-04  2.88108239e-03  1.73035993e-04  1.11716747e-03
  4.25895124e-04  6.91706357e-04  9.55330302e-04  1.08519820e-03
  2.26773289e-04 -2.60314426e-04  6.07820048e-04]
Step: qpos = [ 1.21498569e-04  6.07817855e-03  7.69176222e-05  3.45566287e-03
  2.62784969e-04  2.98551646e-03  1.77267763e-04  1.14180895e-03
  4.24838969e-04  7.04639529e-04  9.53199221e-04  1.10990600e-03
  2.26412753e-04 -2.42099109e-04  6.03842113e-04]
Step: qpos = [ 1.21570848e-04  6.28304767e-03  7.65910181e-05  3.56296641e-03
  2.68928778e-04  3.08997028e-03  1.81389613e-04  1.16586333e-03
  4.23802906e-04  7.17561337e-04  9.50068607e-04  1.13405669e-03
  2.26093928e-04 -2.23837090e-04  5.98967171e-04]
Step: qpos = [ 1.21429749e-04  6.48755343e-03  7.61415552e-05  3.66965864e-03
  2.74915139e-04  3.19443678e-03  1.85403662e-04  1.18935376e-03
  4.22793659e-04  7.30468195e-04  9.46030555e-04  1.15767025e-03
  2.25817136e-04 -2.05573260e-04  5.93271231e-04]
Step: qpos = [ 1.21079086e-04  6.69169254e-03  7.55744165e-05  3.77575265e-03
  2.80747148e-04  3.29890910e-03  1.89311995e-04  1.21230201e-03
  4.21816210e-04  7.43355713e-04  9.41170205e-04  1.18076551e-03
  2.25581963e-04 -1.87346267e-04  5.86825410e-04]
Step: qpos = [ 1.20522479e-04  6.89546190e-03  7.48945833e-05  3.88126111e-03
  2.86427846e-04  3.40338059e-03  1.93116658e-04  1.23472857e-03
  4.20874126e-04  7.56218936e-04  9.35566240e-04  1.20336026e-03
  2.25387435e-04 -1.69189342e-04  5.79696179e-04]
Step: qpos = [ 1.19763362e-04  7.09885853e-03  7.41068432e-05  3.98619626e-03
  2.91960220e-04  3.50784479e-03  1.96819662e-04  1.25665275e-03
  4.19969848e-04  7.69052538e-04  9.29291345e-04  1.22547129e-03
  2.25232165e-04 -1.51131005e-04  5.71945606e-04]
Step: qpos = [ 1.18804995e-04  7.30187956e-03  7.32157972e-05  4.09057000e-03
  2.97347202e-04  3.61229542e-03  2.00422982e-04  1.27809274e-03
  4.19104907e-04  7.81850977e-04  9.22412644e-04  1.24711450e-03
  2.25114461e-04 -1.33195680e-04  5.63631598e-04]
Step: qpos = [ 1.17650468e-04  7.50452229e-03  7.22258669e-05  4.19439382e-03
  3.02591674e-04  3.71672642e-03  2.03928558e-04  1.29906571e-03
  4.18280113e-04  7.94608619e-04  9.14992102e-04  1.26830493e-03
  2.25032426e-04 -1.15404228e-04  5.54808125e-04]
Step: qpos = [ 1.16302706e-04  7.70678410e-03  7.11413021e-05  4.29767889e-03
  3.07696464e-04  3.82113188e-03  2.07338294e-04  1.31958786e-03
  4.17495705e-04  8.07319839e-04  9.07086899e-04  1.28905685e-03
  2.24984028e-04 -9.77744083e-05  5.45525457e-04]
Step: qpos = [ 1.14764482e-04  7.90866253e-03  6.99661867e-05  4.40043600e-03
  3.12664352e-04  3.92550608e-03  2.10654064e-04  1.33967450e-03
  4.16751475e-04  8.19979096e-04  8.98749782e-04  1.30938379e-03
  2.24967155e-04 -8.03212756e-05  5.35830370e-04]
Step: qpos = [ 1.13038418e-04  8.11015520e-03  6.87044454e-05  4.50267561e-03
  3.17498066e-04  4.02984348e-03  2.13877704e-04  1.35934012e-03
  4.16046863e-04  8.32580994e-04  8.90029391e-04  1.32929858e-03
  2.24979670e-04 -6.30575305e-05  5.25766363e-04]
Step: qpos = [ 1.11126993e-04  8.31125987e-03  6.73598503e-05  4.60440789e-03
  3.22200285e-04  4.13413871e-03  2.17011020e-04  1.37859842e-03
  4.15381045e-04  8.45120329e-04  8.80970557e-04  1.34881344e-03
  2.25019436e-04 -4.59938189e-05  5.15373853e-04]
Step: qpos = [ 1.09032551e-04  8.51197439e-03  6.59360261e-05  4.70564264e-03
  3.26773639e-04  4.23838655e-03  2.20055784e-04  1.39746239e-03
  4.14752995e-04  8.57592117e-04  8.71614585e-04  1.36793999e-03
  2.25084354e-04 -2.91389945e-05  5.04690364e-04]
Step: qpos = [ 1.06757304e-04  8.71229673e-03  6.44364561e-05  4.80638939e-03
  3.31220713e-04  4.34258195e-03  2.23013738e-04  1.41594433e-03
  4.14161542e-04  8.69991623e-04  8.61999514e-04  1.38668930e-03
  2.25172374e-04 -1.25003468e-05  4.93750711e-04]
Step: qpos = [1.04303337e-04 8.91222494e-03 6.28644881e-05 4.90665739e-03
 3.35544042e-04 4.44672001e-03 2.25886590e-04 1.43405592e-03
 4.13605408e-04 8.82314377e-04 8.52160359e-04 1.40507192e-03
 2.25281519e-04 3.91620092e-06 4.82587172e-04]
Step: qpos = [1.01672619e-04 9.11175720e-03 6.12233388e-05 5.00645557e-03
 3.39746117e-04 4.55079600e-03 2.28676019e-04 1.45180826e-03
 4.13083250e-04 8.94556180e-04 8.42129331e-04 1.42309791e-03
 2.25409890e-04 2.01059183e-05 4.71229647e-04]
Step: qpos = [9.88670000e-05 9.31089174e-03 5.95160997e-05 5.10579260e-03
 3.43829381e-04 4.65480531e-03 2.31383673e-04 1.46921189e-03
 4.12593682e-04 9.06713113e-04 8.31936050e-04 1.44077688e-03
 2.25555677e-04 3.60651173e-05 4.59705812e-04]
Step: qpos = [9.58882217e-05 9.50962693e-03 5.77457414e-05 5.20467690e-03
 3.47796235e-04 4.75874350e-03 2.34011170e-04 1.48627685e-03
 4.12135301e-04 9.18781532e-04 8.21607732e-04 1.45811804e-03
 2.25717161e-04 5.17910211e-05 4.48041268e-04]
Step: qpos = [9.27379204e-05 9.70796120e-03 5.59151185e-05 5.30311660e-03
 3.51649035e-04 4.86260624e-03 2.36560098e-04 1.50301270e-03
 4.11706703e-04 9.30758074e-04 8.11169371e-04 1.47513017e-03
 2.25892719e-04 6.72816482e-05 4.36259674e-04]
Step: qpos = [8.94176312e-05 9.90589307e-03 5.40269742e-05 5.40111962e-03
 3.55390094e-04 4.96638936e-03 2.39032018e-04 1.51942852e-03
 4.11306499e-04 9.42639642e-04 8.00643904e-04 1.49182169e-03
 2.26080824e-04 8.25357128e-05 4.24382878e-04]
Step: qpos = [8.59287927e-05 1.01034211e-02 5.20839441e-05 5.49869361e-03
 3.59021682e-04 5.07008881e-03 2.41428461e-04 1.53553303e-03
 4.10933322e-04 9.54423406e-04 7.90052361e-04 1.50820068e-03
 2.26280042e-04 9.75525363e-05 4.12431036e-04]
Step: qpos = [8.22727514e-05 1.03005441e-02 5.00885612e-05 5.59584599e-03
 3.62546027e-04 5.17370066e-03 2.43750930e-04 1.55133450e-03
 4.10585839e-04 9.66106790e-04 7.79414010e-04 1.52427489e-03
 2.26489034e-04 1.12331971e-04 4.00422727e-04]
Step: qpos = [7.84507652e-05 1.04972607e-02 4.80432591e-05 5.69258396e-03
 3.65965316e-04 5.27722113e-03 2.46000901e-04 1.56684087e-03
 4.10262755e-04 9.77687465e-04 7.68746487e-04 1.54005175e-03
 2.26706550e-04 1.26874330e-04 3.88375060e-04]
Step: qpos = [7.44640077e-05 1.06935698e-02 4.59503763e-05 5.78891451e-03
 3.69281697e-04 5.38064652e-03 2.48179822e-04 1.58205972e-03
 4.09962818e-04 9.89163337e-04 7.58065918e-04 1.55553840e-03
 2.26931430e-04 1.41180332e-04 3.76303774e-04]
Step: qpos = [7.03135713e-05 1.08894703e-02 4.38121596e-05 5.88484441e-03
 3.72497275e-04 5.48397329e-03 2.50289115e-04 1.59699830e-03
 4.09684821e-04 1.00053254e-03 7.47387035e-04 1.57074172e-03
 2.27162596e-04 1.55251045e-04 3.64223331e-04]
Step: qpos = [6.60004716e-05 1.10849611e-02 4.16307679e-05 5.98038023e-03
 3.75614120e-04 5.58719798e-03 2.52330177e-04 1.61166358e-03
 4.09427607e-04 1.01179341e-03 7.36723275e-04 1.58566832e-03
 2.27399051e-04 1.69087844e-04 3.52147006e-04]
Step: qpos = [6.15256501e-05 1.12800414e-02 3.94082755e-05 6.07552832e-03
 3.78634260e-04 5.69031725e-03 2.54304377e-04 1.62606222e-03
 4.09190067e-04 1.02294451e-03 7.26086882e-04 1.60032457e-03
 2.27639875e-04 1.82692368e-04 3.40086968e-04]
Step: qpos = [5.68899776e-05 1.14747102e-02 3.71466753e-05 6.17029487e-03
 3.81559687e-04 5.79332788e-03 2.56213059e-04 1.64020062e-03
 4.08971140e-04 1.03398457e-03 7.15488993e-04 1.61471663e-03
 2.27884221e-04 1.96066485e-04 3.28054357e-04]
Step: qpos = [5.20942576e-05 1.16689668e-02 3.48478819e-05 6.26468587e-03
 3.84392355e-04 5.89622672e-03 2.58057545e-04 1.65408494e-03
 4.08769817e-04 1.04491252e-03 7.04939727e-04 1.62885040e-03
 2.28131308e-04 2.09212261e-04 3.16059355e-04]
Step: qpos = [4.71392293e-05 1.18628102e-02 3.25137350e-05 6.35870712e-03
 3.87134183e-04 5.99901077e-03 2.59839128e-04 1.66772108e-03
 4.08585133e-04 1.05572744e-03 6.94448255e-04 1.64273161e-03
 2.28380421e-04 2.22131932e-04 3.04111258e-04]
Step: qpos = [4.20255700e-05 1.20562399e-02 3.01460019e-05 6.45236428e-03
 3.89787052e-04 6.10167708e-03 2.61559080e-04 1.68111473e-03
 4.08416176e-04 1.06642860e-03 6.84022877e-04 1.65636579e-03
 2.28630905e-04 2.34827882e-04 2.92218533e-04]
Step: qpos = [3.67538986e-05 1.22492552e-02 2.77463804e-05 6.54566280e-03
 3.92352809e-04 6.20422281e-03 2.63218650e-04 1.69427137e-03
 4.08262075e-04 1.07701540e-03 6.73671088e-04 1.66975827e-03
 2.28882163e-04 2.47302615e-04 2.80388880e-04]
Step: qpos = [3.13247779e-05 1.24418555e-02 2.53165015e-05 6.63860800e-03
 3.94833266e-04 6.30664523e-03 2.64819061e-04 1.70719628e-03
 4.08122007e-04 1.08748738e-03 6.63399635e-04 1.68291423e-03
 2.29133649e-04 2.59558743e-04 2.68629288e-04]
Step: qpos = [2.57387169e-05 1.26340402e-02 2.28579323e-05 6.73120503e-03
 3.97230200e-04 6.40894169e-03 2.66361515e-04 1.71989455e-03
 4.07995191e-04 1.09784422e-03 6.53214580e-04 1.69583867e-03
 2.29384868e-04 2.71598965e-04 2.56946082e-04]
Step: qpos = [2.00025522e-05 1.28258091e-02 2.03720462e-05 6.82345889e-03
 3.99545226e-04 6.51110956e-03 2.67847117e-04 1.73237110e-03
 4.07880884e-04 1.10808559e-03 6.43121310e-04 1.70853644e-03
 2.29635366e-04 2.83426029e-04 2.45344966e-04]
Step: qpos = [1.41098867e-05 1.30171615e-02 1.78604344e-05 6.91537443e-03
 4.01780196e-04 6.61314642e-03 2.69277103e-04 1.74463067e-03
 4.07778390e-04 1.11821156e-03 6.33124711e-04 1.72101222e-03
 2.29884740e-04 2.95042794e-04 2.33831094e-04]
Step: qpos = [8.06106231e-06 1.32080970e-02 1.53244858e-05 7.00695635e-03
 4.03936790e-04 6.71504986e-03 2.70652612e-04 1.75667784e-03
 4.07687048e-04 1.12822215e-03 6.23229082e-04 1.73327058e-03
 2.30132625e-04 3.06452139e-04 2.22409084e-04]
Step: qpos = [1.85637636e-06 1.33986153e-02 1.27655345e-05 7.09820922e-03
 4.06016657e-04 6.81681754e-03 2.71974755e-04 1.76851707e-03
 4.07606232e-04 1.13811748e-03 6.13438222e-04 1.74531593e-03
 2.30378690e-04 3.17656980e-04 2.11083062e-04]
Step: qpos = [-4.50391614e-06  1.35887161e-02  1.01848618e-05  7.18913748e-03
  4.08021411e-04  6.91844723e-03  2.73244627e-04  1.78015263e-03
  4.07535351e-04  1.14789777e-03  6.03755473e-04  1.75715256e-03
  2.30622638e-04  3.28660261e-04  1.99856705e-04]
Step: qpos = [-1.10196006e-05  1.37783991e-02  7.58369827e-06  7.27974543e-03
  4.09952640e-04  7.01993676e-03  2.74463300e-04  1.79158870e-03
  4.07473846e-04  1.15756330e-03  5.94183751e-04  1.76878464e-03
  2.30864206e-04  3.39464946e-04  1.88733267e-04]
Step: qpos = [-1.76905008e-05  1.39676641e-02  4.96322603e-06  7.37003726e-03
  4.11811898e-04  7.12128401e-03  2.75631827e-04  1.80282930e-03
  4.07421191e-04  1.16711446e-03  5.84725583e-04  1.78021621e-03
  2.31103158e-04  3.50074012e-04  1.77715618e-04]
Step: qpos = [-2.45164772e-05  1.41565109e-02  2.32458028e-06  7.46001702e-03
  4.13600712e-04  7.22248697e-03  2.76751241e-04  1.81387835e-03
  4.07376887e-04  1.17655168e-03  5.75383138e-04  1.79145123e-03
  2.31339286e-04  3.60490440e-04  1.66806266e-04]
Step: qpos = [-3.14974249e-05  1.43449393e-02 -3.31148728e-07  7.54968865e-03
  4.15320578e-04  7.32354366e-03  2.77822555e-04  1.82473965e-03
  4.07340466e-04  1.18587550e-03  5.66158255e-04  1.80249352e-03
  2.31572406e-04  3.70717214e-04  1.56007391e-04]
Step: qpos = [-3.86332722e-05  1.45329494e-02 -3.00291400e-06  7.63905599e-03
  4.16972965e-04  7.42445220e-03  2.78846763e-04  1.83541688e-03
  4.07311484e-04  1.19508648e-03  5.57052466e-04  1.81334680e-03
  2.31802358e-04  3.80757310e-04  1.45320865e-04]
Step: qpos = [-4.59239786e-05  1.47205410e-02 -5.68971008e-06  7.72812275e-03
  4.18559313e-04  7.52521075e-03  2.79824840e-04  1.84591362e-03
  4.07289522e-04  1.20418526e-03  5.48067029e-04  1.82401472e-03
  2.32029003e-04  3.90613696e-04  1.34748279e-04]
Step: qpos = [-5.33695336e-05  1.49077140e-02 -8.39057150e-06  7.81689254e-03
  4.20081034e-04  7.62581754e-03  2.80757743e-04  1.85623335e-03
  4.07274186e-04  1.21317253e-03  5.39202942e-04  1.83450082e-03
  2.32252220e-04  4.00289327e-04  1.24290961e-04]
Step: qpos = [-6.09699550e-05  1.50944686e-02 -1.11045712e-05  7.90536888e-03
  4.21539516e-04  7.72627085e-03  2.81646411e-04  1.86637947e-03
  4.07265104e-04  1.22204902e-03  5.30460970e-04  1.84480853e-03
  2.32471907e-04  4.09787140e-04  1.13950000e-04]
Step: qpos = [-6.87252871e-05  1.52808047e-02 -1.38308190e-05  7.99355518e-03
  4.22936116e-04  7.82656905e-03  2.82491765e-04  1.87635527e-03
  4.07261923e-04  1.23081551e-03  5.21841662e-04  1.85494123e-03
  2.32687978e-04  4.19110053e-04  1.03726265e-04]
Step: qpos = [-7.66356001e-05  1.54667224e-02 -1.65684602e-05  8.08145474e-03
  4.24272167e-04  7.92671054e-03  2.83294707e-04  1.88616396e-03
  4.07264313e-04  1.23947282e-03  5.13345370e-04  1.86490219e-03
  2.32900361e-04  4.28260960e-04  9.36204197e-05]
Step: qpos = [-8.47009878e-05  1.56522218e-02 -1.93166743e-05  8.16907079e-03
  4.25548978e-04  8.02669377e-03  2.84056124e-04  1.89580866e-03
  4.07271960e-04  1.24802180e-03  5.04972265e-04  1.87469462e-03
  2.33108998e-04  4.37242731e-04  8.36329402e-05]
Step: qpos = [-9.29215670e-05  1.58373031e-02 -2.20746736e-05  8.25640646e-03
  4.26767830e-04  8.12651727e-03  2.84776886e-04  1.90529242e-03
  4.07284569e-04  1.25646334e-03  4.96722355e-04  1.88432163e-03
  2.33313845e-04  4.46058207e-04  7.37641310e-05]
Step: qpos = [-1.01297476e-04  1.60219663e-02 -2.48417018e-05  8.34346478e-03
  4.27929981e-04  8.22617960e-03  2.85457845e-04  1.91461822e-03
  4.07301861e-04  1.26479836e-03  4.88595494e-04  1.89378628e-03
  2.33514867e-04  4.54710201e-04  6.40141385e-05]
Step: qpos = [-1.09828873e-04  1.62062117e-02 -2.76170330e-05  8.43024872e-03
  4.29036664e-04  8.32567938e-03  2.86099837e-04  1.92378894e-03
  4.07323573e-04  1.27302780e-03  4.80591401e-04  1.90309155e-03
  2.33712040e-04  4.63201497e-04  5.43829640e-05]
Step: qpos = [-1.18515937e-04  1.63900395e-02 -3.03999705e-05  8.51676115e-03
  4.30089089e-04  8.42501528e-03  2.86703683e-04  1.93280743e-03
  4.07349458e-04  1.28115263e-03  4.72709671e-04  1.91224034e-03
  2.33905349e-04  4.71534843e-04  4.48704761e-05]
Step: qpos = [-1.27358862e-04  1.65734499e-02 -3.31898454e-05  8.60300487e-03
  4.31088442e-04  8.52418601e-03  2.87270188e-04  1.94167644e-03
  4.07379279e-04  1.28917383e-03  4.64949783e-04  1.92123551e-03
  2.34094789e-04  4.79712957e-04  3.54764219e-05]
Step: qpos = [-1.36357862e-04  1.67564432e-02 -3.59860159e-05  8.68898259e-03
  4.32035886e-04  8.62319034e-03  2.87800141e-04  1.95039867e-03
  4.07412816e-04  1.29709242e-03  4.57311115e-04  1.93007983e-03
  2.34280362e-04  4.87738522e-04  2.62004376e-05]
Step: qpos = [-1.45513165e-04  1.69390197e-02 -3.87878661e-05  8.77469696e-03
  4.32932561e-04  8.72202707e-03  2.88294316e-04  1.95897675e-03
  4.07449860e-04  1.30490941e-03  4.49792951e-04  1.93877603e-03
  2.34462075e-04  4.95614186e-04  1.70420580e-05]
Step: qpos = [-1.54825015e-04  1.71211796e-02 -4.15948047e-05  8.86015055e-03
  4.33779585e-04  8.82069505e-03  2.88753472e-04  1.96741326e-03
  4.07490213e-04  1.31262585e-03  4.42394490e-04  1.94732676e-03
  2.34639944e-04  5.03342561e-04  8.00072596e-06]
Step: qpos = [-1.64293671e-04  1.73029233e-02 -4.44062647e-05  8.94534587e-03
  4.34578057e-04  8.91919317e-03  2.89178356e-04  1.97571071e-03
  4.07533688e-04  1.32024278e-03  4.35114857e-04  1.95573462e-03
  2.34813989e-04  5.10926223e-04 -9.24199532e-07]
Step: qpos = [-1.73919402e-04  1.74842512e-02 -4.72217019e-05  9.03028534e-03
  4.35329051e-04  9.01752037e-03  2.89569695e-04  1.98387157e-03
  4.07580110e-04  1.32776127e-03  4.27953106e-04  1.96400218e-03
  2.34984235e-04  5.18367710e-04 -9.73343551e-06]
Step: qpos = [-1.83702492e-04  1.76651636e-02 -5.00405940e-05  9.11497134e-03
  4.36033621e-04  9.11567563e-03  2.89928209e-04  1.99189825e-03
  4.07629310e-04  1.33518239e-03  4.20908233e-04  1.97213191e-03
  2.35150712e-04  5.25669527e-04 -1.84277678e-05]
Step: qpos = [-1.93643236e-04  1.78456609e-02 -5.28624403e-05  9.19940618e-03
  4.36692802e-04  9.21365795e-03  2.90254598e-04  1.99979310e-03
  4.07681133e-04  1.34250721e-03  4.13979176e-04  1.98012627e-03
  2.35313454e-04  5.32834137e-04 -2.70080443e-05]
Step: qpos = [-2.03741939e-04  1.80257436e-02 -5.56867603e-05  9.28359209e-03
  4.37307607e-04  9.31146639e-03  2.90549552e-04  2.00755843e-03
  4.07735428e-04  1.34973682e-03  4.07164828e-04  1.98798764e-03
  2.35472499e-04  5.39863969e-04 -3.54751690e-05]
Step: qpos = [-2.13998916e-04  1.82054120e-02 -5.85130931e-05  9.36753127e-03
  4.37879031e-04  9.40910003e-03  2.90813746e-04  2.01519650e-03
  4.07792054e-04  1.35687231e-03  4.00464035e-04  1.99571836e-03
  2.35627886e-04  5.46761414e-04 -4.38300958e-05]
Step: qpos = [-2.24414492e-04  1.83846665e-02 -6.13409968e-05  9.45122584e-03
  4.38408047e-04  9.50655800e-03  2.91047844e-04  2.02270952e-03
  4.07850879e-04  1.36391477e-03  3.93875609e-04  2.00332073e-03
  2.35779659e-04  5.53528823e-04 -5.20738237e-05]
Step: qpos = [-2.34989000e-04  1.85635078e-02 -6.41700477e-05  9.53467788e-03
  4.38895611e-04  9.60383946e-03  2.91252496e-04  2.03009965e-03
  4.07911776e-04  1.37086529e-03  3.87398327e-04  2.01079700e-03
  2.35927864e-04  5.60168513e-04 -6.02073917e-05]
Step: qpos = [-2.45722780e-04  1.87419362e-02 -6.69998391e-05  9.61788941e-03
  4.39342661e-04  9.70094359e-03  2.91428338e-04  2.03736902e-03
  4.07974626e-04  1.37772497e-03  3.81030937e-04  2.01814937e-03
  2.36072549e-04  5.66682762e-04 -6.82318741e-05]
Step: qpos = [-2.56616180e-04  1.89199522e-02 -6.98299817e-05  9.70086238e-03
  4.39750114e-04  9.79786962e-03  2.91575996e-04  2.04451971e-03
  4.08039316e-04  1.38449490e-03  3.74772162e-04  2.02538000e-03
  2.36213762e-04  5.73073812e-04 -7.61483765e-05]
Step: qpos = [-2.67669554e-04  1.90975563e-02 -7.26601017e-05  9.78359873e-03
  4.40118871e-04  9.89461681e-03  2.91696083e-04  2.05155376e-03
  4.08105739e-04  1.39117618e-03  3.68620706e-04  2.03249100e-03
  2.36351555e-04  5.79343867e-04 -8.39580320e-05]
Step: qpos = [-2.78883262e-04  1.92747491e-02 -7.54898412e-05  9.86610031e-03
  4.40449814e-04  9.99118444e-03  2.91789199e-04  2.05847316e-03
  4.08173794e-04  1.39776990e-03  3.62575254e-04  2.03948447e-03
  2.36485980e-04  5.85495095e-04 -9.16619972e-05]
Step: qpos = [-2.90257671e-04  1.94515311e-02 -7.83188571e-05  9.94836895e-03
  4.40743810e-04  1.00875718e-02  2.91855934e-04  2.06527989e-03
  4.08243384e-04  1.40427714e-03  3.56634475e-04  2.04636242e-03
  2.36617090e-04  5.91529627e-04 -9.92614495e-05]
Step: qpos = [-3.01793149e-04  1.96279028e-02 -8.11468203e-05  1.00304064e-02
  4.41001705e-04  1.01837783e-02  2.91896866e-04  2.07197585e-03
  4.08314419e-04  1.41069901e-03  3.50797029e-04  2.05312686e-03
  2.36744940e-04  5.97449559e-04 -1.06757583e-04]
Simulation completed after 101 steps
